rho <- 0.5
seed <- 2030
base <- 0.2
bet_VL <- 0.2
bet_cum <- 0
bet_imm <- 0.8
bet_phys <- 0.5
L <- 1